2.92504
3.13548
3.33482
3.33478
3.45391
3.54739
3.5493
3.91107
3.91834
3.77519
3.70914
4.11888
4.09617
3.98994
4.07192
3.87178
4.06017
3.92177
3.88841
3.84677
1.87841
1.8469
1.7312
1.69472
1.62987
1.44258
1.43263
1.35352
1.10814
1.08638
0.934858
0.91864
0.782881
0.829798
0.560488
0.467076
0.588949
0.211177
0.15694
0.0304459
2.19374
2.1244
2.17418
2.05777
1.90609
2.2923
2.03896
2.04208
2.16224
2.11331
2.1205
2.19017
2.28932
2.17506
2.42371
2.66161
2.61956
2.61648
2.88884
2.75196
1.20396
0.989459
1.1934
1.33558
1.38784
1.42011
1.55156
1.498
1.79218
1.90792
1.89994
1.78703
1.92187
2.14295
1.99115
2.00721
1.96135
2.0754
2.07995
1.87918
3.88348
4.01066
3.80205
3.76254
3.59199
3.28088
3.41096
3.31196
3.10801
3.29678
2.86523
2.97335
2.69092
2.62313
2.62284
2.50842
2.39392
2.319
2.17968
2.23998
