0
0
0
2
6.2
10.84
13.736
13.928
12.1642
10.0691
8.90968
8.94974
9.65749
10.3366
10.611
10.5108
10.2722
10.1011
10.0644
10.1165
10.1822
10.2158
10.214
10.1962
10.1813
10.1766
10.1795
10.1842
10.187
10.1872
10.1861
10.1851
10.1847
10.1848
10.1851
10.1853
10.1853
10.1852
10.1852
10.1852
10.1852
10.1852
10.1852
10.1852
10.1852
10.1852
10.1852
10.1852
10.1852
10.1852
10.1852
10.1852
10.1852
10.1852
10.1852
10.1852
10.1852
10.1852
10.1852
10.1852
10.1852
10.1852
10.1852
10.1852
10.1852
10.1852
10.1852
10.1852
10.1852
10.1852
10.1852
10.1852
10.1852
10.1852
10.1852
10.1852
10.1852
10.1852
10.1852
10.1852
10.1852
10.1852
10.1852
10.1852
10.1852
10.1852
10.1852
10.1852
10.1852
10.1852
10.1852
10.1852
10.1852
10.1852
10.1852
10.1852
10.1852
10.1852
10.1852
10.1852
